Average and SD of comm time
Data size : 262144
Repeat time : 100
# of process: 16

ave sd min max mode
process: 0
	node group: 0
	comm time
		   0 : 0.000000	0.000000	0.000000	0.000000	0.000000
		   1 : 0.000577	0.000010	0.000566	0.000630	0.000573
		   2 : 0.000556	0.000007	0.000547	0.000581	0.000554
		   3 : 0.000556	0.000007	0.000548	0.000588	0.000554
		   4 : 0.000554	0.000005	0.000547	0.000580	0.000553
		   5 : 0.000553	0.000005	0.000544	0.000584	0.000553
		   6 : 0.000570	0.000004	0.000563	0.000596	0.000570
		   7 : 0.000549	0.000005	0.000543	0.000577	0.000549
		   8 : 0.000561	0.000005	0.000555	0.000587	0.000561
		   9 : 0.000629	0.000004	0.000620	0.000655	0.000628
		  10 : 0.000611	0.000006	0.000602	0.000657	0.000611
		  11 : 0.000604	0.000004	0.000598	0.000634	0.000604
		  12 : 0.000608	0.000004	0.000601	0.000629	0.000608
		  13 : 0.000610	0.000004	0.000602	0.000635	0.000610
		  14 : 0.000608	0.000003	0.000601	0.000626	0.000608
		  15 : 0.000629	0.000004	0.000622	0.000651	0.000630
process: 1
	node group: 0
	comm time
		   0 : 0.000582	0.000009	0.000571	0.000624	0.000579
		   1 : 0.000000	0.000000	0.000000	0.000000	0.000000
		   2 : 0.000550	0.000006	0.000543	0.000578	0.000548
		   3 : 0.000554	0.000005	0.000547	0.000587	0.000553
		   4 : 0.000553	0.000005	0.000545	0.000585	0.000552
		   5 : 0.000552	0.000004	0.000544	0.000579	0.000551
		   6 : 0.000568	0.000004	0.000562	0.000595	0.000568
		   7 : 0.000546	0.000003	0.000541	0.000553	0.000546
		   8 : 0.000564	0.000005	0.000557	0.000592	0.000564
		   9 : 0.000623	0.000003	0.000616	0.000632	0.000623
		  10 : 0.000609	0.000003	0.000601	0.000619	0.000609
		  11 : 0.000609	0.000003	0.000602	0.000617	0.000609
		  12 : 0.000609	0.000003	0.000601	0.000614	0.000609
		  13 : 0.000611	0.000004	0.000602	0.000620	0.000611
		  14 : 0.000610	0.000003	0.000604	0.000619	0.000610
		  15 : 0.000629	0.000004	0.000621	0.000642	0.000630
process: 2
	node group: 0
	comm time
		   0 : 0.000567	0.000006	0.000559	0.000588	0.000566
		   1 : 0.000557	0.000004	0.000547	0.000577	0.000557
		   2 : 0.000000	0.000000	0.000000	0.000000	0.000000
		   3 : 0.000551	0.000004	0.000545	0.000574	0.000550
		   4 : 0.000547	0.000004	0.000540	0.000577	0.000547
		   5 : 0.000553	0.000004	0.000546	0.000574	0.000553
		   6 : 0.000571	0.000005	0.000564	0.000600	0.000571
		   7 : 0.000550	0.000006	0.000542	0.000575	0.000549
		   8 : 0.000562	0.000008	0.000552	0.000592	0.000560
		   9 : 0.000622	0.000004	0.000613	0.000633	0.000622
		  10 : 0.000611	0.000004	0.000603	0.000621	0.000612
		  11 : 0.000608	0.000003	0.000600	0.000615	0.000608
		  12 : 0.000603	0.000004	0.000595	0.000613	0.000603
		  13 : 0.000609	0.000004	0.000601	0.000619	0.000610
		  14 : 0.000604	0.000004	0.000596	0.000613	0.000604
		  15 : 0.000627	0.000004	0.000615	0.000636	0.000628
process: 3
	node group: 0
	comm time
		   0 : 0.000566	0.000006	0.000559	0.000590	0.000564
		   1 : 0.000556	0.000003	0.000552	0.000573	0.000556
		   2 : 0.000550	0.000004	0.000545	0.000574	0.000550
		   3 : 0.000000	0.000000	0.000000	0.000000	0.000000
		   4 : 0.000554	0.000005	0.000547	0.000581	0.000553
		   5 : 0.000552	0.000008	0.000544	0.000584	0.000550
		   6 : 0.000567	0.000007	0.000559	0.000593	0.000565
		   7 : 0.000547	0.000008	0.000539	0.000574	0.000544
		   8 : 0.000563	0.000008	0.000554	0.000588	0.000561
		   9 : 0.000623	0.000004	0.000615	0.000632	0.000624
		  10 : 0.000609	0.000004	0.000602	0.000620	0.000609
		  11 : 0.000608	0.000003	0.000599	0.000614	0.000608
		  12 : 0.000608	0.000004	0.000601	0.000621	0.000609
		  13 : 0.000610	0.000003	0.000601	0.000619	0.000610
		  14 : 0.000608	0.000004	0.000599	0.000616	0.000608
		  15 : 0.000627	0.000003	0.000621	0.000635	0.000627
process: 4
	node group: 0
	comm time
		   0 : 0.000566	0.000006	0.000557	0.000592	0.000565
		   1 : 0.000556	0.000005	0.000549	0.000581	0.000555
		   2 : 0.000554	0.000007	0.000547	0.000581	0.000553
		   3 : 0.000554	0.000008	0.000545	0.000582	0.000552
		   4 : 0.000000	0.000000	0.000000	0.000000	0.000000
		   5 : 0.000554	0.000007	0.000545	0.000581	0.000553
		   6 : 0.000571	0.000007	0.000563	0.000600	0.000570
		   7 : 0.000549	0.000006	0.000542	0.000575	0.000547
		   8 : 0.000567	0.000007	0.000559	0.000597	0.000565
		   9 : 0.000621	0.000003	0.000615	0.000632	0.000621
		  10 : 0.000600	0.000004	0.000591	0.000606	0.000600
		  11 : 0.000606	0.000004	0.000596	0.000616	0.000607
		  12 : 0.000605	0.000004	0.000598	0.000615	0.000605
		  13 : 0.000603	0.000003	0.000596	0.000610	0.000603
		  14 : 0.000608	0.000004	0.000601	0.000618	0.000609
		  15 : 0.000627	0.000003	0.000621	0.000635	0.000627
process: 5
	node group: 0
	comm time
		   0 : 0.000572	0.000007	0.000561	0.000595	0.000570
		   1 : 0.000559	0.000007	0.000552	0.000584	0.000557
		   2 : 0.000550	0.000008	0.000542	0.000576	0.000548
		   3 : 0.000555	0.000006	0.000547	0.000579	0.000554
		   4 : 0.000553	0.000005	0.000547	0.000581	0.000553
		   5 : 0.000000	0.000000	0.000000	0.000000	0.000000
		   6 : 0.000570	0.000002	0.000564	0.000575	0.000570
		   7 : 0.000550	0.000003	0.000544	0.000564	0.000550
		   8 : 0.000565	0.000004	0.000558	0.000596	0.000565
		   9 : 0.000623	0.000004	0.000612	0.000632	0.000623
		  10 : 0.000609	0.000003	0.000601	0.000617	0.000609
		  11 : 0.000610	0.000004	0.000602	0.000618	0.000610
		  12 : 0.000608	0.000003	0.000601	0.000617	0.000608
		  13 : 0.000610	0.000003	0.000602	0.000617	0.000610
		  14 : 0.000608	0.000004	0.000601	0.000616	0.000608
		  15 : 0.000628	0.000004	0.000619	0.000636	0.000628
process: 6
	node group: 0
	comm time
		   0 : 0.000574	0.000008	0.000563	0.000599	0.000571
		   1 : 0.000556	0.000006	0.000550	0.000579	0.000555
		   2 : 0.000554	0.000006	0.000547	0.000581	0.000553
		   3 : 0.000556	0.000004	0.000549	0.000581	0.000555
		   4 : 0.000553	0.000004	0.000547	0.000573	0.000553
		   5 : 0.000553	0.000003	0.000548	0.000572	0.000553
		   6 : 0.000000	0.000000	0.000000	0.000000	0.000000
		   7 : 0.000549	0.000004	0.000541	0.000573	0.000549
		   8 : 0.000564	0.000004	0.000559	0.000596	0.000563
		   9 : 0.000622	0.000003	0.000614	0.000631	0.000623
		  10 : 0.000609	0.000004	0.000601	0.000617	0.000609
		  11 : 0.000606	0.000004	0.000598	0.000617	0.000606
		  12 : 0.000608	0.000004	0.000600	0.000615	0.000608
		  13 : 0.000604	0.000004	0.000597	0.000617	0.000604
		  14 : 0.000610	0.000004	0.000600	0.000624	0.000610
		  15 : 0.000622	0.000003	0.000614	0.000629	0.000622
process: 7
	node group: 0
	comm time
		   0 : 0.000569	0.000006	0.000562	0.000607	0.000568
		   1 : 0.000554	0.000004	0.000548	0.000580	0.000554
		   2 : 0.000549	0.000004	0.000544	0.000578	0.000549
		   3 : 0.000547	0.000003	0.000541	0.000561	0.000547
		   4 : 0.000549	0.000003	0.000544	0.000555	0.000548
		   5 : 0.000547	0.000003	0.000541	0.000560	0.000547
		   6 : 0.000567	0.000005	0.000560	0.000597	0.000567
		   7 : 0.000000	0.000000	0.000000	0.000000	0.000000
		   8 : 0.000564	0.000007	0.000557	0.000593	0.000563
		   9 : 0.000620	0.000003	0.000612	0.000627	0.000619
		  10 : 0.000607	0.000004	0.000597	0.000620	0.000607
		  11 : 0.000607	0.000003	0.000597	0.000618	0.000607
		  12 : 0.000606	0.000003	0.000599	0.000614	0.000606
		  13 : 0.000606	0.000003	0.000599	0.000612	0.000606
		  14 : 0.000605	0.000004	0.000595	0.000614	0.000605
		  15 : 0.000622	0.000004	0.000614	0.000632	0.000622
process: 8
	node group: 0
	comm time
		   0 : 0.000567	0.000006	0.000559	0.000591	0.000566
		   1 : 0.000551	0.000003	0.000545	0.000573	0.000551
		   2 : 0.000550	0.000004	0.000544	0.000577	0.000550
		   3 : 0.000551	0.000004	0.000545	0.000573	0.000551
		   4 : 0.000554	0.000005	0.000546	0.000579	0.000553
		   5 : 0.000550	0.000006	0.000542	0.000578	0.000549
		   6 : 0.000572	0.000008	0.000565	0.000600	0.000570
		   7 : 0.000549	0.000009	0.000540	0.000576	0.000546
		   8 : 0.000000	0.000000	0.000000	0.000000	0.000000
		   9 : 0.000621	0.000003	0.000612	0.000632	0.000622
		  10 : 0.000608	0.000004	0.000600	0.000617	0.000608
		  11 : 0.000610	0.000004	0.000603	0.000618	0.000610
		  12 : 0.000607	0.000004	0.000600	0.000615	0.000607
		  13 : 0.000609	0.000004	0.000602	0.000618	0.000609
		  14 : 0.000608	0.000003	0.000599	0.000617	0.000608
		  15 : 0.000628	0.000003	0.000621	0.000634	0.000628
process: 9
	node group: 0
	comm time
		   0 : 0.000635	0.000005	0.000629	0.000667	0.000635
		   1 : 0.000614	0.000004	0.000606	0.000625	0.000614
		   2 : 0.000613	0.000003	0.000605	0.000622	0.000613
		   3 : 0.000612	0.000004	0.000602	0.000620	0.000612
		   4 : 0.000612	0.000004	0.000603	0.000622	0.000612
		   5 : 0.000614	0.000004	0.000605	0.000621	0.000614
		   6 : 0.000627	0.000003	0.000619	0.000635	0.000628
		   7 : 0.000611	0.000004	0.000599	0.000621	0.000611
		   8 : 0.000629	0.000004	0.000620	0.000637	0.000629
		   9 : 0.000000	0.000000	0.000000	0.000000	0.000000
		  10 : 0.000551	0.000006	0.000542	0.000573	0.000550
		  11 : 0.000542	0.000003	0.000537	0.000550	0.000542
		  12 : 0.000540	0.000003	0.000534	0.000546	0.000540
		  13 : 0.000539	0.000002	0.000533	0.000545	0.000539
		  14 : 0.000536	0.000003	0.000531	0.000541	0.000536
		  15 : 0.000556	0.000003	0.000549	0.000564	0.000556
process: 10
	node group: 0
	comm time
		   0 : 0.000626	0.000004	0.000615	0.000643	0.000626
		   1 : 0.000610	0.000004	0.000601	0.000620	0.000610
		   2 : 0.000606	0.000004	0.000600	0.000615	0.000606
		   3 : 0.000609	0.000004	0.000602	0.000619	0.000610
		   4 : 0.000605	0.000003	0.000598	0.000613	0.000606
		   5 : 0.000606	0.000003	0.000598	0.000615	0.000606
		   6 : 0.000633	0.000003	0.000626	0.000641	0.000634
		   7 : 0.000609	0.000003	0.000601	0.000617	0.000610
		   8 : 0.000630	0.000003	0.000623	0.000640	0.000630
		   9 : 0.000556	0.000006	0.000547	0.000582	0.000555
		  10 : 0.000000	0.000000	0.000000	0.000000	0.000000
		  11 : 0.000537	0.000003	0.000529	0.000551	0.000537
		  12 : 0.000541	0.000003	0.000534	0.000546	0.000541
		  13 : 0.000535	0.000003	0.000530	0.000553	0.000536
		  14 : 0.000537	0.000003	0.000531	0.000559	0.000537
		  15 : 0.000553	0.000004	0.000547	0.000583	0.000553
process: 11
	node group: 0
	comm time
		   0 : 0.000625	0.000004	0.000616	0.000638	0.000625
		   1 : 0.000610	0.000003	0.000602	0.000620	0.000610
		   2 : 0.000610	0.000003	0.000604	0.000618	0.000610
		   3 : 0.000608	0.000004	0.000601	0.000616	0.000608
		   4 : 0.000612	0.000004	0.000603	0.000623	0.000611
		   5 : 0.000612	0.000004	0.000602	0.000620	0.000613
		   6 : 0.000633	0.000003	0.000625	0.000643	0.000634
		   7 : 0.000612	0.000004	0.000604	0.000622	0.000612
		   8 : 0.000628	0.000004	0.000620	0.000637	0.000628
		   9 : 0.000555	0.000005	0.000547	0.000568	0.000554
		  10 : 0.000536	0.000003	0.000531	0.000542	0.000536
		  11 : 0.000000	0.000000	0.000000	0.000000	0.000000
		  12 : 0.000539	0.000003	0.000532	0.000546	0.000539
		  13 : 0.000534	0.000003	0.000528	0.000541	0.000535
		  14 : 0.000537	0.000002	0.000531	0.000543	0.000537
		  15 : 0.000556	0.000003	0.000549	0.000565	0.000556
process: 12
	node group: 0
	comm time
		   0 : 0.000624	0.000004	0.000617	0.000640	0.000624
		   1 : 0.000606	0.000004	0.000598	0.000613	0.000606
		   2 : 0.000612	0.000003	0.000603	0.000619	0.000612
		   3 : 0.000609	0.000003	0.000600	0.000617	0.000610
		   4 : 0.000616	0.000004	0.000606	0.000629	0.000616
		   5 : 0.000613	0.000004	0.000605	0.000620	0.000613
		   6 : 0.000634	0.000004	0.000625	0.000645	0.000634
		   7 : 0.000615	0.000004	0.000607	0.000625	0.000615
		   8 : 0.000631	0.000003	0.000625	0.000641	0.000631
		   9 : 0.000558	0.000005	0.000548	0.000573	0.000557
		  10 : 0.000540	0.000003	0.000535	0.000554	0.000540
		  11 : 0.000541	0.000003	0.000536	0.000559	0.000541
		  12 : 0.000000	0.000000	0.000000	0.000000	0.000000
		  13 : 0.000537	0.000004	0.000532	0.000566	0.000537
		  14 : 0.000540	0.000003	0.000534	0.000559	0.000540
		  15 : 0.000554	0.000003	0.000547	0.000560	0.000554
process: 13
	node group: 0
	comm time
		   0 : 0.000623	0.000003	0.000615	0.000637	0.000623
		   1 : 0.000609	0.000004	0.000600	0.000616	0.000609
		   2 : 0.000610	0.000003	0.000604	0.000617	0.000610
		   3 : 0.000609	0.000004	0.000602	0.000623	0.000609
		   4 : 0.000613	0.000003	0.000606	0.000623	0.000612
		   5 : 0.000612	0.000003	0.000605	0.000620	0.000612
		   6 : 0.000633	0.000004	0.000626	0.000644	0.000634
		   7 : 0.000611	0.000004	0.000604	0.000619	0.000611
		   8 : 0.000630	0.000003	0.000622	0.000640	0.000631
		   9 : 0.000556	0.000005	0.000547	0.000572	0.000555
		  10 : 0.000540	0.000003	0.000535	0.000545	0.000540
		  11 : 0.000542	0.000003	0.000536	0.000549	0.000543
		  12 : 0.000539	0.000003	0.000533	0.000544	0.000539
		  13 : 0.000000	0.000000	0.000000	0.000000	0.000000
		  14 : 0.000538	0.000003	0.000532	0.000544	0.000538
		  15 : 0.000556	0.000003	0.000551	0.000562	0.000556
process: 14
	node group: 0
	comm time
		   0 : 0.000618	0.000004	0.000611	0.000635	0.000618
		   1 : 0.000610	0.000003	0.000602	0.000620	0.000610
		   2 : 0.000605	0.000003	0.000599	0.000611	0.000605
		   3 : 0.000616	0.000004	0.000607	0.000626	0.000617
		   4 : 0.000605	0.000004	0.000596	0.000614	0.000605
		   5 : 0.000607	0.000004	0.000600	0.000616	0.000607
		   6 : 0.000629	0.000004	0.000620	0.000637	0.000630
		   7 : 0.000611	0.000004	0.000603	0.000620	0.000612
		   8 : 0.000629	0.000004	0.000621	0.000637	0.000629
		   9 : 0.000555	0.000004	0.000548	0.000567	0.000555
		  10 : 0.000539	0.000003	0.000534	0.000546	0.000539
		  11 : 0.000536	0.000003	0.000530	0.000542	0.000536
		  12 : 0.000538	0.000002	0.000533	0.000544	0.000538
		  13 : 0.000537	0.000002	0.000532	0.000545	0.000537
		  14 : 0.000000	0.000000	0.000000	0.000000	0.000000
		  15 : 0.000558	0.000003	0.000551	0.000564	0.000558
process: 15
	node group: 0
	comm time
		   0 : 0.000619	0.000005	0.000611	0.000638	0.000619
		   1 : 0.000609	0.000004	0.000601	0.000621	0.000609
		   2 : 0.000613	0.000004	0.000601	0.000622	0.000613
		   3 : 0.000610	0.000004	0.000598	0.000621	0.000610
		   4 : 0.000609	0.000004	0.000600	0.000619	0.000609
		   5 : 0.000609	0.000005	0.000599	0.000621	0.000609
		   6 : 0.000626	0.000004	0.000617	0.000633	0.000626
		   7 : 0.000605	0.000004	0.000597	0.000615	0.000606
		   8 : 0.000626	0.000004	0.000618	0.000633	0.000626
		   9 : 0.000558	0.000005	0.000551	0.000575	0.000557
		  10 : 0.000539	0.000003	0.000533	0.000545	0.000539
		  11 : 0.000539	0.000003	0.000534	0.000546	0.000539
		  12 : 0.000538	0.000003	0.000532	0.000546	0.000538
		  13 : 0.000535	0.000003	0.000529	0.000543	0.000535
		  14 : 0.000539	0.000003	0.000534	0.000558	0.000538
		  15 : 0.000000	0.000000	0.000000	0.000000	0.000000
Total time : 14.10515 s
