Average and SD of comm time
Data size : 262144
Repeat time : 100
# of process: 16

ave sd min max mode
process: 0
	node group: 0
	comm time
		   0 : 0.000000	0.000000	0.000000	0.000000	0.000000
		   1 : 0.000208	0.000030	0.000200	0.000503	0.000206
		   2 : 0.000205	0.000025	0.000200	0.000451	0.000201
		   3 : 0.000208	0.000022	0.000201	0.000425	0.000203
		   4 : 0.000202	0.000021	0.000198	0.000412	0.000199
		   5 : 0.000206	0.000021	0.000201	0.000416	0.000202
		   6 : 0.000207	0.000022	0.000201	0.000418	0.000203
		   7 : 0.000205	0.000021	0.000200	0.000414	0.000202
		   8 : 0.000203	0.000021	0.000198	0.000412	0.000199
		   9 : 0.000204	0.000020	0.000199	0.000401	0.000201
		  10 : 0.000204	0.000021	0.000199	0.000414	0.000200
		  11 : 0.000207	0.000022	0.000202	0.000423	0.000203
		  12 : 0.000206	0.000021	0.000200	0.000412	0.000202
		  13 : 0.000209	0.000021	0.000202	0.000416	0.000205
		  14 : 0.000206	0.000022	0.000201	0.000417	0.000202
		  15 : 0.000208	0.000020	0.000203	0.000399	0.000204
process: 1
	node group: 1
	comm time
		   0 : 0.000208	0.000019	0.000201	0.000399	0.000207
		   1 : 0.000000	0.000000	0.000000	0.000000	0.000000
		   2 : 0.000205	0.000018	0.000201	0.000375	0.000201
		   3 : 0.000206	0.000017	0.000201	0.000370	0.000202
		   4 : 0.000206	0.000018	0.000201	0.000377	0.000202
		   5 : 0.000206	0.000017	0.000200	0.000372	0.000202
		   6 : 0.000207	0.000017	0.000201	0.000371	0.000203
		   7 : 0.000207	0.000018	0.000201	0.000379	0.000203
		   8 : 0.000207	0.000017	0.000202	0.000371	0.000204
		   9 : 0.000205	0.000017	0.000201	0.000365	0.000202
		  10 : 0.000207	0.000016	0.000201	0.000365	0.000203
		  11 : 0.000207	0.000016	0.000201	0.000365	0.000203
		  12 : 0.000206	0.000015	0.000201	0.000354	0.000203
		  13 : 0.000205	0.000016	0.000201	0.000357	0.000202
		  14 : 0.000208	0.000016	0.000202	0.000358	0.000204
		  15 : 0.000208	0.000016	0.000202	0.000363	0.000203
process: 2
	node group: 13
	comm time
		   0 : 0.000209	0.000018	0.000201	0.000382	0.000208
		   1 : 0.000206	0.000016	0.000201	0.000357	0.000203
		   2 : 0.000000	0.000000	0.000000	0.000000	0.000000
		   3 : 0.000203	0.000016	0.000200	0.000361	0.000201
		   4 : 0.000204	0.000016	0.000199	0.000358	0.000200
		   5 : 0.000206	0.000016	0.000201	0.000361	0.000203
		   6 : 0.000206	0.000016	0.000201	0.000359	0.000202
		   7 : 0.000203	0.000016	0.000199	0.000361	0.000201
		   8 : 0.000203	0.000015	0.000199	0.000354	0.000201
		   9 : 0.000205	0.000015	0.000200	0.000347	0.000201
		  10 : 0.000203	0.000015	0.000199	0.000345	0.000200
		  11 : 0.000205	0.000014	0.000201	0.000343	0.000203
		  12 : 0.000206	0.000015	0.000201	0.000351	0.000203
		  13 : 0.000206	0.000014	0.000201	0.000342	0.000203
		  14 : 0.000204	0.000015	0.000200	0.000348	0.000201
		  15 : 0.000207	0.000014	0.000202	0.000340	0.000204
process: 3
	node group: 2
	comm time
		   0 : 0.000209	0.000017	0.000202	0.000376	0.000207
		   1 : 0.000206	0.000016	0.000201	0.000363	0.000202
		   2 : 0.000209	0.000016	0.000204	0.000359	0.000205
		   3 : 0.000000	0.000000	0.000000	0.000000	0.000000
		   4 : 0.000204	0.000016	0.000201	0.000356	0.000201
		   5 : 0.000205	0.000014	0.000201	0.000344	0.000202
		   6 : 0.000206	0.000016	0.000201	0.000358	0.000203
		   7 : 0.000206	0.000015	0.000201	0.000352	0.000202
		   8 : 0.000206	0.000015	0.000201	0.000347	0.000203
		   9 : 0.000205	0.000015	0.000201	0.000348	0.000203
		  10 : 0.000206	0.000014	0.000201	0.000341	0.000203
		  11 : 0.000205	0.000015	0.000200	0.000345	0.000201
		  12 : 0.000206	0.000014	0.000201	0.000340	0.000203
		  13 : 0.000207	0.000015	0.000201	0.000350	0.000203
		  14 : 0.000206	0.000014	0.000201	0.000340	0.000203
		  15 : 0.000207	0.000015	0.000202	0.000350	0.000203
process: 4
	node group: 3
	comm time
		   0 : 0.000207	0.000017	0.000200	0.000377	0.000205
		   1 : 0.000206	0.000016	0.000202	0.000360	0.000204
		   2 : 0.000206	0.000016	0.000202	0.000361	0.000202
		   3 : 0.000209	0.000017	0.000203	0.000369	0.000205
		   4 : 0.000000	0.000000	0.000000	0.000000	0.000000
		   5 : 0.000204	0.000016	0.000201	0.000358	0.000202
		   6 : 0.000205	0.000016	0.000201	0.000359	0.000202
		   7 : 0.000204	0.000016	0.000199	0.000361	0.000201
		   8 : 0.000202	0.000014	0.000199	0.000343	0.000200
		   9 : 0.000205	0.000016	0.000199	0.000355	0.000201
		  10 : 0.000203	0.000016	0.000198	0.000356	0.000200
		  11 : 0.000206	0.000016	0.000201	0.000362	0.000203
		  12 : 0.000204	0.000014	0.000200	0.000342	0.000201
		  13 : 0.000207	0.000015	0.000202	0.000351	0.000204
		  14 : 0.000206	0.000014	0.000201	0.000341	0.000203
		  15 : 0.000206	0.000013	0.000201	0.000334	0.000203
process: 5
	node group: 4
	comm time
		   0 : 0.000209	0.000017	0.000202	0.000373	0.000208
		   1 : 0.000204	0.000016	0.000201	0.000362	0.000201
		   2 : 0.000211	0.000016	0.000204	0.000359	0.000206
		   3 : 0.000206	0.000016	0.000201	0.000363	0.000202
		   4 : 0.000209	0.000016	0.000203	0.000358	0.000205
		   5 : 0.000000	0.000000	0.000000	0.000000	0.000000
		   6 : 0.000204	0.000016	0.000201	0.000364	0.000201
		   7 : 0.000205	0.000016	0.000201	0.000360	0.000201
		   8 : 0.000208	0.000016	0.000201	0.000364	0.000204
		   9 : 0.000205	0.000015	0.000201	0.000347	0.000202
		  10 : 0.000205	0.000015	0.000201	0.000350	0.000203
		  11 : 0.000205	0.000016	0.000201	0.000357	0.000203
		  12 : 0.000207	0.000014	0.000201	0.000340	0.000203
		  13 : 0.000205	0.000014	0.000201	0.000336	0.000201
		  14 : 0.000206	0.000014	0.000202	0.000346	0.000203
		  15 : 0.000207	0.000014	0.000202	0.000346	0.000204
process: 6
	node group: 5
	comm time
		   0 : 0.000207	0.000017	0.000200	0.000373	0.000206
		   1 : 0.000205	0.000015	0.000201	0.000354	0.000202
		   2 : 0.000203	0.000016	0.000201	0.000361	0.000201
		   3 : 0.000209	0.000015	0.000204	0.000350	0.000206
		   4 : 0.000204	0.000016	0.000199	0.000353	0.000201
		   5 : 0.000208	0.000015	0.000203	0.000357	0.000204
		   6 : 0.000000	0.000000	0.000000	0.000000	0.000000
		   7 : 0.000202	0.000014	0.000198	0.000339	0.000199
		   8 : 0.000201	0.000015	0.000198	0.000347	0.000199
		   9 : 0.000203	0.000015	0.000199	0.000343	0.000201
		  10 : 0.000202	0.000015	0.000197	0.000344	0.000199
		  11 : 0.000205	0.000014	0.000201	0.000345	0.000203
		  12 : 0.000207	0.000014	0.000201	0.000337	0.000203
		  13 : 0.000205	0.000014	0.000201	0.000343	0.000203
		  14 : 0.000204	0.000014	0.000200	0.000337	0.000201
		  15 : 0.000206	0.000013	0.000201	0.000335	0.000203
process: 7
	node group: 6
	comm time
		   0 : 0.000209	0.000017	0.000202	0.000380	0.000208
		   1 : 0.000205	0.000016	0.000201	0.000365	0.000203
		   2 : 0.000210	0.000016	0.000203	0.000359	0.000206
		   3 : 0.000204	0.000015	0.000201	0.000345	0.000201
		   4 : 0.000208	0.000015	0.000202	0.000353	0.000205
		   5 : 0.000205	0.000016	0.000202	0.000362	0.000202
		   6 : 0.000210	0.000015	0.000204	0.000347	0.000205
		   7 : 0.000000	0.000000	0.000000	0.000000	0.000000
		   8 : 0.000204	0.000015	0.000201	0.000347	0.000202
		   9 : 0.000205	0.000014	0.000201	0.000342	0.000202
		  10 : 0.000205	0.000014	0.000201	0.000345	0.000203
		  11 : 0.000207	0.000015	0.000201	0.000344	0.000202
		  12 : 0.000205	0.000013	0.000200	0.000333	0.000203
		  13 : 0.000206	0.000014	0.000201	0.000343	0.000203
		  14 : 0.000206	0.000014	0.000201	0.000336	0.000203
		  15 : 0.000208	0.000013	0.000202	0.000332	0.000203
process: 8
	node group: 7
	comm time
		   0 : 0.000205	0.000017	0.000199	0.000368	0.000204
		   1 : 0.000204	0.000015	0.000200	0.000350	0.000201
		   2 : 0.000206	0.000015	0.000201	0.000348	0.000203
		   3 : 0.000210	0.000015	0.000204	0.000351	0.000207
		   4 : 0.000203	0.000014	0.000199	0.000341	0.000200
		   5 : 0.000208	0.000015	0.000204	0.000352	0.000205
		   6 : 0.000205	0.000015	0.000201	0.000351	0.000202
		   7 : 0.000209	0.000015	0.000203	0.000347	0.000204
		   8 : 0.000000	0.000000	0.000000	0.000000	0.000000
		   9 : 0.000202	0.000015	0.000198	0.000346	0.000200
		  10 : 0.000203	0.000014	0.000199	0.000342	0.000200
		  11 : 0.000206	0.000015	0.000201	0.000349	0.000203
		  12 : 0.000204	0.000014	0.000201	0.000339	0.000201
		  13 : 0.000208	0.000014	0.000201	0.000338	0.000203
		  14 : 0.000206	0.000014	0.000201	0.000342	0.000203
		  15 : 0.000205	0.000014	0.000200	0.000336	0.000203
process: 9
	node group: 8
	comm time
		   0 : 0.000209	0.000018	0.000202	0.000382	0.000208
		   1 : 0.000204	0.000016	0.000200	0.000361	0.000201
		   2 : 0.000206	0.000015	0.000202	0.000345	0.000203
		   3 : 0.000206	0.000016	0.000200	0.000355	0.000203
		   4 : 0.000207	0.000016	0.000202	0.000357	0.000204
		   5 : 0.000205	0.000015	0.000201	0.000345	0.000202
		   6 : 0.000208	0.000015	0.000203	0.000358	0.000205
		   7 : 0.000207	0.000016	0.000202	0.000358	0.000203
		   8 : 0.000209	0.000014	0.000203	0.000343	0.000205
		   9 : 0.000000	0.000000	0.000000	0.000000	0.000000
		  10 : 0.000204	0.000015	0.000201	0.000352	0.000201
		  11 : 0.000204	0.000014	0.000200	0.000338	0.000201
		  12 : 0.000207	0.000015	0.000201	0.000345	0.000203
		  13 : 0.000206	0.000014	0.000201	0.000339	0.000202
		  14 : 0.000205	0.000013	0.000201	0.000332	0.000203
		  15 : 0.000207	0.000015	0.000203	0.000352	0.000205
process: 10
	node group: 9
	comm time
		   0 : 0.000209	0.000016	0.000200	0.000369	0.000207
		   1 : 0.000205	0.000016	0.000200	0.000357	0.000202
		   2 : 0.000204	0.000016	0.000201	0.000358	0.000202
		   3 : 0.000205	0.000015	0.000201	0.000350	0.000203
		   4 : 0.000203	0.000015	0.000198	0.000347	0.000199
		   5 : 0.000208	0.000015	0.000202	0.000346	0.000204
		   6 : 0.000205	0.000015	0.000201	0.000353	0.000202
		   7 : 0.000206	0.000015	0.000202	0.000351	0.000204
		   8 : 0.000202	0.000014	0.000199	0.000342	0.000200
		   9 : 0.000206	0.000015	0.000201	0.000352	0.000202
		  10 : 0.000000	0.000000	0.000000	0.000000	0.000000
		  11 : 0.000203	0.000015	0.000200	0.000345	0.000201
		  12 : 0.000206	0.000015	0.000200	0.000348	0.000202
		  13 : 0.000206	0.000014	0.000201	0.000341	0.000203
		  14 : 0.000204	0.000013	0.000200	0.000332	0.000201
		  15 : 0.000206	0.000015	0.000200	0.000345	0.000202
process: 11
	node group: 10
	comm time
		   0 : 0.000208	0.000018	0.000201	0.000384	0.000207
		   1 : 0.000206	0.000016	0.000201	0.000361	0.000203
		   2 : 0.000208	0.000015	0.000202	0.000354	0.000204
		   3 : 0.000204	0.000015	0.000201	0.000347	0.000201
		   4 : 0.000207	0.000016	0.000201	0.000355	0.000203
		   5 : 0.000205	0.000015	0.000201	0.000350	0.000203
		   6 : 0.000207	0.000015	0.000202	0.000348	0.000204
		   7 : 0.000206	0.000015	0.000201	0.000351	0.000202
		   8 : 0.000209	0.000014	0.000203	0.000341	0.000206
		   9 : 0.000206	0.000016	0.000201	0.000356	0.000202
		  10 : 0.000208	0.000015	0.000203	0.000353	0.000205
		  11 : 0.000000	0.000000	0.000000	0.000000	0.000000
		  12 : 0.000205	0.000014	0.000200	0.000338	0.000201
		  13 : 0.000206	0.000014	0.000200	0.000337	0.000202
		  14 : 0.000206	0.000014	0.000201	0.000345	0.000203
		  15 : 0.000208	0.000014	0.000202	0.000339	0.000203
process: 12
	node group: 14
	comm time
		   0 : 0.000207	0.000017	0.000201	0.000376	0.000206
		   1 : 0.000206	0.000016	0.000201	0.000362	0.000203
		   2 : 0.000206	0.000015	0.000201	0.000345	0.000203
		   3 : 0.000208	0.000015	0.000202	0.000347	0.000204
		   4 : 0.000204	0.000014	0.000200	0.000341	0.000201
		   5 : 0.000206	0.000016	0.000201	0.000357	0.000203
		   6 : 0.000206	0.000014	0.000201	0.000341	0.000203
		   7 : 0.000207	0.000015	0.000202	0.000348	0.000204
		   8 : 0.000206	0.000014	0.000201	0.000342	0.000202
		   9 : 0.000208	0.000014	0.000203	0.000348	0.000205
		  10 : 0.000205	0.000014	0.000201	0.000342	0.000202
		  11 : 0.000208	0.000014	0.000204	0.000338	0.000205
		  12 : 0.000000	0.000000	0.000000	0.000000	0.000000
		  13 : 0.000205	0.000015	0.000200	0.000343	0.000201
		  14 : 0.000205	0.000014	0.000200	0.000336	0.000201
		  15 : 0.000207	0.000014	0.000202	0.000336	0.000204
process: 13
	node group: 11
	comm time
		   0 : 0.000208	0.000017	0.000202	0.000379	0.000206
		   1 : 0.000205	0.000016	0.000200	0.000358	0.000202
		   2 : 0.000204	0.000014	0.000198	0.000340	0.000200
		   3 : 0.000203	0.000015	0.000199	0.000353	0.000201
		   4 : 0.000206	0.000014	0.000202	0.000342	0.000203
		   5 : 0.000202	0.000015	0.000197	0.000346	0.000198
		   6 : 0.000203	0.000014	0.000199	0.000341	0.000201
		   7 : 0.000205	0.000015	0.000201	0.000353	0.000203
		   8 : 0.000206	0.000014	0.000201	0.000342	0.000203
		   9 : 0.000204	0.000015	0.000200	0.000352	0.000201
		  10 : 0.000208	0.000014	0.000202	0.000343	0.000204
		  11 : 0.000204	0.000014	0.000200	0.000333	0.000201
		  12 : 0.000205	0.000014	0.000202	0.000344	0.000202
		  13 : 0.000000	0.000000	0.000000	0.000000	0.000000
		  14 : 0.000201	0.000014	0.000197	0.000333	0.000198
		  15 : 0.000206	0.000014	0.000202	0.000336	0.000203
process: 14
	node group: 12
	comm time
		   0 : 0.000208	0.000017	0.000201	0.000371	0.000207
		   1 : 0.000205	0.000015	0.000201	0.000353	0.000203
		   2 : 0.000205	0.000016	0.000200	0.000358	0.000201
		   3 : 0.000206	0.000014	0.000201	0.000344	0.000203
		   4 : 0.000207	0.000015	0.000201	0.000350	0.000203
		   5 : 0.000207	0.000014	0.000202	0.000345	0.000204
		   6 : 0.000205	0.000015	0.000200	0.000347	0.000201
		   7 : 0.000206	0.000015	0.000202	0.000347	0.000204
		   8 : 0.000207	0.000015	0.000201	0.000353	0.000203
		   9 : 0.000206	0.000014	0.000201	0.000337	0.000204
		  10 : 0.000205	0.000014	0.000201	0.000344	0.000202
		  11 : 0.000207	0.000014	0.000202	0.000343	0.000204
		  12 : 0.000206	0.000013	0.000201	0.000332	0.000202
		  13 : 0.000209	0.000013	0.000204	0.000334	0.000205
		  14 : 0.000000	0.000000	0.000000	0.000000	0.000000
		  15 : 0.000206	0.000013	0.000202	0.000332	0.000203
process: 15
	node group: 15
	comm time
		   0 : 0.000209	0.000018	0.000203	0.000384	0.000208
		   1 : 0.000206	0.000015	0.000202	0.000347	0.000203
		   2 : 0.000206	0.000015	0.000200	0.000346	0.000202
		   3 : 0.000204	0.000014	0.000200	0.000341	0.000201
		   4 : 0.000208	0.000015	0.000202	0.000350	0.000205
		   5 : 0.000206	0.000014	0.000201	0.000338	0.000203
		   6 : 0.000208	0.000015	0.000202	0.000351	0.000204
		   7 : 0.000208	0.000014	0.000202	0.000346	0.000204
		   8 : 0.000208	0.000014	0.000203	0.000348	0.000205
		   9 : 0.000208	0.000015	0.000203	0.000346	0.000204
		  10 : 0.000210	0.000014	0.000203	0.000346	0.000209
		  11 : 0.000203	0.000013	0.000199	0.000333	0.000201
		  12 : 0.000205	0.000014	0.000200	0.000337	0.000202
		  13 : 0.000205	0.000013	0.000201	0.000331	0.000202
		  14 : 0.000206	0.000013	0.000202	0.000331	0.000203
		  15 : 0.000000	0.000000	0.000000	0.000000	0.000000
Total time : 5.06025 s
